$ 1 0.000005 11.086722712598126 31 5 43
v 48 128 48 288 0 1 60 127 0 0 0.5
T 48 128 192 288 0 4 1 -0.060352558236898224 -0.040806874816765586 0.999
w 192 128 224 128 0
w 192 288 224 288 0
d 256 128 336 208 2 default
d 176 208 256 128 2 default
d 176 208 256 288 2 default
d 256 288 336 208 2 default
w 224 128 240 128 0
w 224 288 256 288 0
w 240 128 256 128 0
w 176 208 176 400 0
w 176 400 256 400 0
w 336 208 368 208 0
w 256 400 368 400 0
c 368 208 368 400 0 0.00022 115.96077625525929
w 368 208 448 208 0
w 368 400 448 400 0
162 448 304 448 400 2 default-led 1 0 0 0.01
r 448 304 448 208 0 1000
w 448 208 528 208 0
w 448 400 528 400 0
r 528 208 528 272 0 3900
34 zvoltage\q13 0 1.7143528192808883e-7 0 2 13
z 528 400 528 272 2 zvoltage\q13
w 528 400 608 400 0
r 608 400 608 336 0 1000
174 608 336 624 272 1 2000 0.6980000000000001 Resistance
t 688 304 720 304 0 1 -106.08193118221807 0.7172869616169208 100
w 720 208 720 288 0
r 720 400 720 320 0 82
w 528 272 608 272 0
w 528 208 720 208 0
w 624 304 688 304 0
w 608 400 720 400 0
w 720 400 800 400 0
w 720 320 800 320 0
p 800 320 800 400 1 0
o 15 64 0 12291 122.64590315603994 1.1000623277523118 0 2 15 3
o 29 64 0 4099 10 0.2 1 2 29 3
