$ 1 0.000005 11.086722712598126 31 5 43
v 48 128 48 288 0 1 60 127 0 0 0.5
T 48 128 192 288 0 4 0.2 0.6929891859791109 -6.234084429235232e-13 0.999
w 192 128 224 128 0
w 192 288 224 288 0
d 256 128 336 208 2 default
d 176 208 256 128 2 default
d 176 208 256 288 2 default
d 256 288 336 208 2 default
w 224 128 240 128 0
w 224 288 256 288 0
w 240 128 256 128 0
w 176 208 176 400 0
w 176 400 256 400 0
w 336 208 368 208 0
w 256 400 368 400 0
c 368 208 368 400 0 0.00047 23.46765147395641
w 368 208 448 208 0
w 368 400 448 400 0
162 448 304 448 400 2 default-led 1 0 0 0.01
r 448 304 448 208 0 1000
w 448 208 528 208 0
w 448 400 528 400 0
r 528 208 528 272 0 560
34 zvoltage\q13 0 1.7143528192808883e-7 0 2 13
z 528 400 528 272 2 zvoltage\q13
w 528 400 608 400 0
r 608 400 608 336 0 1000
174 608 336 624 272 1 2200 0.005 Resistance
t 688 304 720 304 0 1 -19.537209968257 0.6806312864328184 100
w 720 208 720 288 0
r 720 400 720 320 0 120
w 528 272 608 272 0
w 528 208 720 208 0
w 624 304 688 304 0
w 608 400 720 400 0
w 720 400 800 400 0
w 720 320 800 320 0
p 800 320 800 400 1 0
o 15 64 0 12291 24.212261667414968 0.6762654014082727 0 2 15 3
